StratifiedKFold with splits= 3
Epoch 1/3
416/416 [==============================] - 124s 217ms/step - loss: 0.6299 - sparse_categorical_accuracy: 0.8367
Epoch 2/3
416/416 [==============================] - 91s 218ms/step - loss: 0.1298 - sparse_categorical_accuracy: 0.9516
Epoch 3/3
416/416 [==============================] - 91s 218ms/step - loss: 0.1013 - sparse_categorical_accuracy: 0.9618
**********EVAL************** 1
208/208 [==============================] - 14s 67ms/step - loss: 0.1141 - sparse_categorical_accuracy: 0.9560
[0.11406085640192032, 0.9559516310691833]
*************************** REPORT 1
              precision    recall  f1-score   support

           0       0.97      0.91      0.94       151
           1       0.98      0.99      0.99      8149
           2       0.98      0.99      0.99     32517
           3       0.85      0.94      0.89        71
           4       1.00      0.96      0.98        68
           5       0.99      0.98      0.98       223
           6       0.98      0.75      0.85       395
           7       0.99      0.93      0.96       168
           8       0.96      0.98      0.97      8928
           9       0.95      0.99      0.97      1088
          10       1.00      0.99      1.00      1795
          11       0.95      0.95      0.95       811
          12       0.90      0.92      0.91      6077
          13       0.96      0.86      0.91        59
          14       0.96      0.97      0.96     11484
          15       0.98      0.99      0.98     20991
          16       0.97      0.98      0.97     14651
          17       0.95      0.84      0.89       499
          18       0.97      0.87      0.92       685
          19       0.93      0.91      0.92      5761
          20       0.88      0.88      0.88      3664
          21       0.84      0.90      0.87      3208
          22       0.93      0.90      0.92      1519
          23       0.95      0.88      0.91     10595
          24       0.81      0.96      0.87      3218
          25       0.98      0.95      0.96     24358
          26       0.90      0.95      0.93        20
          27       0.91      0.89      0.90      1444
          28       0.98      0.96      0.97      4599
          29       0.88      0.88      0.88       488
          30       0.88      0.93      0.91      6013
          31       0.95      0.92      0.93        95
          32       0.91      0.94      0.93      1025
          33       0.97      0.89      0.93        95
          34       0.94      0.91      0.93       204
          35       0.92      0.94      0.93     11148
          36       0.85      0.89      0.87       456
          37       0.97      0.93      0.95        71
          38       0.95      0.90      0.92      2404
          39       0.99      0.98      0.98       543
          40       0.99      0.99      0.99       241
          41       0.94      0.95      0.95       340
          42       0.96      0.93      0.94      1232
          43       0.97      0.97      0.97     10240
          44       0.94      0.96      0.95      1687
          45       0.98      0.98      0.98      3255
          46       0.93      0.88      0.90      2690
          47       0.93      0.94      0.93      3116

    accuracy                           0.96    212539
   macro avg       0.94      0.93      0.94    212539
weighted avg       0.96      0.96      0.96    212539

*************************** END 1
Latest checkpoint restored!
Epoch 1/3
416/416 [==============================] - 91s 218ms/step - loss: 0.0984 - sparse_categorical_accuracy: 0.9625
Epoch 2/3
416/416 [==============================] - 91s 218ms/step - loss: 0.0764 - sparse_categorical_accuracy: 0.9710
Epoch 3/3
416/416 [==============================] - 91s 218ms/step - loss: 0.0602 - sparse_categorical_accuracy: 0.9778
**********EVAL************** 2
208/208 [==============================] - 14s 65ms/step - loss: 0.0845 - sparse_categorical_accuracy: 0.9684
[0.08452614396810532, 0.9683963656425476]
*************************** REPORT 2
              precision    recall  f1-score   support

           0       0.96      0.97      0.97       151
           1       0.99      0.99      0.99      8149
           2       0.99      0.99      0.99     32516
           3       1.00      0.69      0.82        71
           4       0.99      1.00      0.99        67
           5       0.99      0.99      0.99       224
           6       0.92      0.95      0.93       395
           7       0.94      0.99      0.96       167
           8       0.97      0.99      0.98      8928
           9       0.96      0.98      0.97      1088
          10       1.00      1.00      1.00      1795
          11       0.98      0.96      0.97       812
          12       0.92      0.94      0.93      6076
          13       0.97      0.95      0.96        59
          14       0.95      0.99      0.97     11484
          15       0.98      0.99      0.99     20992
          16       0.99      0.98      0.98     14652
          17       0.96      0.87      0.92       500
          18       0.98      0.93      0.96       685
          19       0.98      0.87      0.92      5761
          20       0.91      0.92      0.91      3664
          21       0.89      0.94      0.91      3208
          22       0.96      0.89      0.93      1519
          23       0.94      0.94      0.94     10594
          24       0.93      0.92      0.92      3218
          25       0.98      0.98      0.98     24358
          26       1.00      1.00      1.00        21
          27       0.90      0.94      0.92      1445
          28       0.98      0.98      0.98      4600
          29       0.93      0.94      0.94       488
          30       0.92      0.94      0.93      6013
          31       1.00      0.91      0.95        95
          32       0.96      0.91      0.93      1025
          33       0.96      0.95      0.95        94
          34       0.96      0.92      0.94       205
          35       0.96      0.95      0.95     11149
          36       0.95      0.89      0.92       455
          37       0.99      0.96      0.97        71
          38       0.94      0.97      0.95      2403
          39       0.99      0.99      0.99       543
          40       1.00      0.98      0.99       241
          41       0.97      0.97      0.97       340
          42       0.95      0.97      0.96      1231
          43       0.98      0.98      0.98     10239
          44       0.98      0.95      0.96      1686
          45       0.98      0.98      0.98      3255
          46       0.93      0.91      0.92      2690
          47       0.92      0.98      0.95      3117

    accuracy                           0.97    212539
   macro avg       0.96      0.95      0.96    212539
weighted avg       0.97      0.97      0.97    212539

*************************** END 2
Latest checkpoint restored!
Epoch 1/3
416/416 [==============================] - 91s 218ms/step - loss: 0.0703 - sparse_categorical_accuracy: 0.9746
Epoch 2/3
416/416 [==============================] - 91s 218ms/step - loss: 0.0488 - sparse_categorical_accuracy: 0.9824
Epoch 3/3
416/416 [==============================] - 91s 219ms/step - loss: 0.0339 - sparse_categorical_accuracy: 0.9884
**********EVAL************** 3
208/208 [==============================] - 14s 66ms/step - loss: 0.0551 - sparse_categorical_accuracy: 0.9797
[0.055136166512966156, 0.9797166585922241]
*************************** REPORT 3